anode-cathode capacitance vs anode bias
601 2 2
anode bias
anode-cathode capacitance
-3 1.59734e-16
-2.99 1.59733e-16
-2.98 1.59731e-16
-2.97 1.5973e-16
-2.96 1.59729e-16
-2.95 1.59727e-16
-2.94 1.59726e-16
-2.93 1.59725e-16
-2.92 1.59723e-16
-2.91 1.59722e-16
-2.9 1.5972e-16
-2.89 1.59719e-16
-2.88 1.59718e-16
-2.87 1.59716e-16
-2.86 1.59715e-16
-2.85 1.59714e-16
-2.84 1.59712e-16
-2.83 1.59711e-16
-2.82 1.5971e-16
-2.81 1.59708e-16
-2.8 1.59707e-16
-2.79 1.59705e-16
-2.78 1.59704e-16
-2.77 1.59703e-16
-2.76 1.59701e-16
-2.75 1.597e-16
-2.74 1.59699e-16
-2.73 1.59697e-16
-2.72 1.59696e-16
-2.71 1.59695e-16
-2.7 1.59694e-16
-2.69 1.59692e-16
-2.68 1.59691e-16
-2.67 1.5969e-16
-2.66 1.59688e-16
-2.65 1.59687e-16
-2.64 1.59686e-16
-2.63 1.59685e-16
-2.62 1.59683e-16
-2.61 1.59682e-16
-2.6 1.59681e-16
-2.59 1.5968e-16
-2.58 1.59679e-16
-2.57 1.59677e-16
-2.56 1.59676e-16
-2.55 1.59675e-16
-2.54 1.59674e-16
-2.53 1.59673e-16
-2.52 1.59672e-16
-2.51 1.59671e-16
-2.5 1.5967e-16
-2.49 1.59669e-16
-2.48 1.59668e-16
-2.47 1.59667e-16
-2.46 1.59666e-16
-2.45 1.59665e-16
-2.44 1.59664e-16
-2.43 1.59663e-16
-2.42 1.59662e-16
-2.41 1.59661e-16
-2.4 1.59661e-16
-2.39 1.5966e-16
-2.38 1.59659e-16
-2.37 1.59659e-16
-2.36 1.59658e-16
-2.35 1.59657e-16
-2.34 1.59657e-16
-2.33 1.59656e-16
-2.32 1.59656e-16
-2.31 1.59656e-16
-2.3 1.59655e-16
-2.29 1.59655e-16
-2.28 1.59655e-16
-2.27 1.59655e-16
-2.26 1.59655e-16
-2.25 1.59655e-16
-2.24 1.59655e-16
-2.23 1.59655e-16
-2.22 1.59656e-16
-2.21 1.59656e-16
-2.2 1.59657e-16
-2.19 1.59657e-16
-2.18 1.59658e-16
-2.17 1.59659e-16
-2.16 1.5966e-16
-2.15 1.59661e-16
-2.14 1.59662e-16
-2.13 1.59663e-16
-2.12 1.59665e-16
-2.11 1.59666e-16
-2.1 1.59668e-16
-2.09 1.5967e-16
-2.08 1.59672e-16
-2.07 1.59674e-16
-2.06 1.59677e-16
-2.05 1.5968e-16
-2.04 1.59683e-16
-2.03 1.59686e-16
-2.02 1.59689e-16
-2.01 1.59693e-16
-2 1.59697e-16
-1.99 1.59701e-16
-1.98 1.59706e-16
-1.97 1.5971e-16
-1.96 1.59716e-16
-1.95 1.59721e-16
-1.94 1.59727e-16
-1.93 1.59734e-16
-1.92 1.5974e-16
-1.91 1.59748e-16
-1.9 1.59755e-16
-1.89 1.59763e-16
-1.88 1.59772e-16
-1.87 1.59781e-16
-1.86 1.59791e-16
-1.85 1.59802e-16
-1.84 1.59813e-16
-1.83 1.59825e-16
-1.82 1.59838e-16
-1.81 1.59851e-16
-1.8 1.59866e-16
-1.79 1.59881e-16
-1.78 1.59897e-16
-1.77 1.59915e-16
-1.76 1.59933e-16
-1.75 1.59953e-16
-1.74 1.59973e-16
-1.73 1.59995e-16
-1.72 1.60019e-16
-1.71 1.60044e-16
-1.7 1.60071e-16
-1.69 1.60099e-16
-1.68 1.60129e-16
-1.67 1.60161e-16
-1.66 1.60195e-16
-1.65 1.60232e-16
-1.64 1.6027e-16
-1.63 1.60311e-16
-1.62 1.60355e-16
-1.61 1.60402e-16
-1.6 1.60451e-16
-1.59 1.60504e-16
-1.58 1.6056e-16
-1.57 1.6062e-16
-1.56 1.60684e-16
-1.55 1.60752e-16
-1.54 1.60825e-16
-1.53 1.60902e-16
-1.52 1.60984e-16
-1.51 1.61071e-16
-1.5 1.61165e-16
-1.49 1.61264e-16
-1.48 1.6137e-16
-1.47 1.61482e-16
-1.46 1.61602e-16
-1.45 1.61729e-16
-1.44 1.61865e-16
-1.43 1.62009e-16
-1.42 1.62162e-16
-1.41 1.62325e-16
-1.4 1.62498e-16
-1.39 1.62681e-16
-1.38 1.62876e-16
-1.37 1.63083e-16
-1.36 1.63301e-16
-1.35 1.63533e-16
-1.34 1.63778e-16
-1.33 1.64037e-16
-1.32 1.64311e-16
-1.31 1.646e-16
-1.3 1.64904e-16
-1.29 1.65225e-16
-1.28 1.65562e-16
-1.27 1.65916e-16
-1.26 1.66288e-16
-1.25 1.66678e-16
-1.24 1.67086e-16
-1.23 1.67513e-16
-1.22 1.67959e-16
-1.21 1.68424e-16
-1.2 1.68908e-16
-1.19 1.69412e-16
-1.18 1.69935e-16
-1.17 1.70478e-16
-1.16 1.71041e-16
-1.15 1.71623e-16
-1.14 1.72226e-16
-1.13 1.72848e-16
-1.12 1.73489e-16
-1.11 1.7415e-16
-1.1 1.74831e-16
-1.09 1.7553e-16
-1.08 1.76249e-16
-1.07 1.76986e-16
-1.06 1.77742e-16
-1.05 1.78517e-16
-1.04 1.79311e-16
-1.03 1.80122e-16
-1.02 1.80953e-16
-1.01 1.81801e-16
-1 1.82668e-16
-0.99 1.83553e-16
-0.98 1.84456e-16
-0.97 1.85377e-16
-0.96 1.86317e-16
-0.95 1.87275e-16
-0.94 1.88252e-16
-0.93 1.89247e-16
-0.92 1.90262e-16
-0.91 1.91295e-16
-0.9 1.92348e-16
-0.89 1.93421e-16
-0.88 1.94514e-16
-0.87 1.95627e-16
-0.86 1.96762e-16
-0.85 1.97917e-16
-0.84 1.99094e-16
-0.83 2.00294e-16
-0.82 2.01516e-16
-0.81 2.02762e-16
-0.8 2.04032e-16
-0.79 2.05327e-16
-0.78 2.06647e-16
-0.77 2.07993e-16
-0.76 2.09366e-16
-0.75 2.10767e-16
-0.74 2.12196e-16
-0.73 2.13655e-16
-0.72 2.15145e-16
-0.71 2.16666e-16
-0.7 2.1822e-16
-0.69 2.19807e-16
-0.68 2.2143e-16
-0.67 2.23089e-16
-0.66 2.24785e-16
-0.65 2.26521e-16
-0.64 2.28296e-16
-0.63 2.30114e-16
-0.62 2.31976e-16
-0.61 2.33883e-16
-0.6 2.35838e-16
-0.59 2.37841e-16
-0.58 2.39897e-16
-0.57 2.42005e-16
-0.56 2.4417e-16
-0.55 2.46393e-16
-0.54 2.48677e-16
-0.53 2.51025e-16
-0.52 2.5344e-16
-0.51 2.55925e-16
-0.5 2.58483e-16
-0.49 2.61119e-16
-0.48 2.63835e-16
-0.47 2.66637e-16
-0.46 2.69528e-16
-0.45 2.72513e-16
-0.44 2.75598e-16
-0.43 2.78787e-16
-0.42 2.82086e-16
-0.41 2.855e-16
-0.4 2.89036e-16
-0.39 2.92701e-16
-0.38 2.96499e-16
-0.37 3.00436e-16
-0.36 3.04519e-16
-0.35 3.08752e-16
-0.34 3.13138e-16
-0.33 3.17679e-16
-0.32 3.22376e-16
-0.31 3.27226e-16
-0.3 3.32222e-16
-0.29 3.37356e-16
-0.28 3.42613e-16
-0.27 3.47974e-16
-0.26 3.53418e-16
-0.25 3.58917e-16
-0.24 3.6444e-16
-0.23 3.69953e-16
-0.22 3.75421e-16
-0.21 3.80809e-16
-0.2 3.8608e-16
-0.19 3.91202e-16
-0.18 3.96143e-16
-0.17 4.00877e-16
-0.16 4.0538e-16
-0.15 4.09633e-16
-0.14 4.13623e-16
-0.13 4.17339e-16
-0.12 4.20774e-16
-0.11 4.23923e-16
-0.1 4.26786e-16
-0.09 4.29363e-16
-0.08 4.31657e-16
-0.07 4.33672e-16
-0.06 4.35411e-16
-0.05 4.36881e-16
-0.04 4.38087e-16
-0.03 4.39045e-16
-0.02 4.39775e-16
-0.01 4.40266e-16
1.84321e-15 4.40423e-16
0.01 4.40223e-16
0.02 4.39741e-16
0.03 4.39024e-16
0.04 4.3807e-16
0.05 4.36865e-16
0.06 4.35398e-16
0.07 4.33661e-16
0.08 4.31649e-16
0.09 4.29357e-16
0.1 4.2678e-16
0.11 4.23918e-16
0.12 4.20769e-16
0.13 4.17335e-16
0.14 4.13619e-16
0.15 4.0963e-16
0.16 4.05376e-16
0.17 4.00873e-16
0.18 3.9614e-16
0.19 3.91199e-16
0.2 3.86077e-16
0.21 3.80806e-16
0.22 3.75419e-16
0.23 3.6995e-16
0.24 3.64437e-16
0.25 3.58914e-16
0.26 3.53416e-16
0.27 3.47972e-16
0.28 3.4261e-16
0.29 3.37354e-16
0.3 3.3222e-16
0.31 3.27224e-16
0.32 3.22374e-16
0.33 3.17677e-16
0.34 3.13136e-16
0.35 3.0875e-16
0.36 3.04517e-16
0.37 3.00435e-16
0.38 2.96497e-16
0.39 2.92699e-16
0.4 2.89035e-16
0.41 2.85499e-16
0.42 2.82084e-16
0.43 2.78785e-16
0.44 2.75597e-16
0.45 2.72512e-16
0.46 2.69527e-16
0.47 2.66636e-16
0.48 2.63834e-16
0.49 2.61118e-16
0.5 2.58482e-16
0.51 2.55924e-16
0.52 2.53439e-16
0.53 2.51024e-16
0.54 2.48676e-16
0.55 2.46391e-16
0.56 2.44168e-16
0.57 2.42003e-16
0.58 2.39895e-16
0.59 2.37839e-16
0.6 2.35835e-16
0.61 2.3388e-16
0.62 2.31973e-16
0.63 2.30111e-16
0.64 2.28292e-16
0.65 2.26516e-16
0.66 2.2478e-16
0.67 2.23083e-16
0.68 2.21423e-16
0.69 2.198e-16
0.7 2.18211e-16
0.71 2.16656e-16
0.72 2.15133e-16
0.73 2.13642e-16
0.74 2.12181e-16
0.75 2.10749e-16
0.76 2.09346e-16
0.77 2.0797e-16
0.78 2.06621e-16
0.79 2.05297e-16
0.8 2.03998e-16
0.81 2.02723e-16
0.82 2.01472e-16
0.83 2.00243e-16
0.84 1.99037e-16
0.85 1.97852e-16
0.86 1.96687e-16
0.87 1.95543e-16
0.88 1.94418e-16
0.89 1.93312e-16
0.9 1.92225e-16
0.91 1.91156e-16
0.92 1.90104e-16
0.93 1.8907e-16
0.94 1.88052e-16
0.95 1.8705e-16
0.96 1.86064e-16
0.97 1.85093e-16
0.98 1.84137e-16
0.99 1.83196e-16
1 1.82268e-16
1.01 1.81355e-16
1.02 1.80455e-16
1.03 1.79568e-16
1.04 1.78695e-16
1.05 1.77833e-16
1.06 1.76984e-16
1.07 1.76147e-16
1.08 1.75322e-16
1.09 1.74508e-16
1.1 1.73705e-16
1.11 1.72913e-16
1.12 1.72132e-16
1.13 1.71361e-16
1.14 1.70601e-16
1.15 1.6985e-16
1.16 1.69109e-16
1.17 1.68378e-16
1.18 1.67656e-16
1.19 1.66943e-16
1.2 1.66239e-16
1.21 1.65544e-16
1.22 1.64858e-16
1.23 1.6418e-16
1.24 1.6351e-16
1.25 1.62848e-16
1.26 1.62194e-16
1.27 1.61548e-16
1.28 1.6091e-16
1.29 1.60279e-16
1.3 1.59655e-16
1.31 1.59039e-16
1.32 1.58429e-16
1.33 1.57827e-16
1.34 1.57231e-16
1.35 1.56642e-16
1.36 1.5606e-16
1.37 1.55484e-16
1.38 1.54914e-16
1.39 1.5435e-16
1.4 1.53793e-16
1.41 1.53241e-16
1.42 1.52696e-16
1.43 1.52156e-16
1.44 1.51621e-16
1.45 1.51093e-16
1.46 1.50569e-16
1.47 1.50052e-16
1.48 1.49539e-16
1.49 1.49032e-16
1.5 1.48529e-16
1.51 1.48032e-16
1.52 1.4754e-16
1.53 1.47052e-16
1.54 1.4657e-16
1.55 1.46092e-16
1.56 1.45618e-16
1.57 1.45149e-16
1.58 1.44685e-16
1.59 1.44225e-16
1.6 1.43769e-16
1.61 1.43318e-16
1.62 1.42871e-16
1.63 1.42428e-16
1.64 1.41989e-16
1.65 1.41554e-16
1.66 1.41123e-16
1.67 1.40696e-16
1.68 1.40273e-16
1.69 1.39854e-16
1.7 1.39438e-16
1.71 1.39026e-16
1.72 1.38617e-16
1.73 1.38213e-16
1.74 1.37811e-16
1.75 1.37413e-16
1.76 1.37019e-16
1.77 1.36628e-16
1.78 1.3624e-16
1.79 1.35856e-16
1.8 1.35474e-16
1.81 1.35096e-16
1.82 1.34721e-16
1.83 1.34349e-16
1.84 1.33981e-16
1.85 1.33615e-16
1.86 1.33252e-16
1.87 1.32892e-16
1.88 1.32535e-16
1.89 1.32181e-16
1.9 1.31829e-16
1.91 1.31481e-16
1.92 1.31135e-16
1.93 1.30792e-16
1.94 1.30451e-16
1.95 1.30113e-16
1.96 1.29778e-16
1.97 1.29446e-16
1.98 1.29115e-16
1.99 1.28788e-16
2 1.28463e-16
2.01 1.2814e-16
2.02 1.2782e-16
2.03 1.27502e-16
2.04 1.27186e-16
2.05 1.26873e-16
2.06 1.26562e-16
2.07 1.26253e-16
2.08 1.25947e-16
2.09 1.25643e-16
2.1 1.25341e-16
2.11 1.25041e-16
2.12 1.24743e-16
2.13 1.24447e-16
2.14 1.24154e-16
2.15 1.23862e-16
2.16 1.23573e-16
2.17 1.23285e-16
2.18 1.23e-16
2.19 1.22716e-16
2.2 1.22435e-16
2.21 1.22155e-16
2.22 1.21878e-16
2.23 1.21602e-16
2.24 1.21328e-16
2.25 1.21056e-16
2.26 1.20785e-16
2.27 1.20517e-16
2.28 1.2025e-16
2.29 1.19985e-16
2.3 1.19722e-16
2.31 1.1946e-16
2.32 1.192e-16
2.33 1.18942e-16
2.34 1.18686e-16
2.35 1.18431e-16
2.36 1.18178e-16
2.37 1.17926e-16
2.38 1.17676e-16
2.39 1.17428e-16
2.4 1.17181e-16
2.41 1.16936e-16
2.42 1.16692e-16
2.43 1.16449e-16
2.44 1.16209e-16
2.45 1.15969e-16
2.46 1.15732e-16
2.47 1.15495e-16
2.48 1.1526e-16
2.49 1.15027e-16
2.5 1.14795e-16
2.51 1.14564e-16
2.52 1.14335e-16
2.53 1.14107e-16
2.54 1.1388e-16
2.55 1.13655e-16
2.56 1.13431e-16
2.57 1.13208e-16
2.58 1.12987e-16
2.59 1.12767e-16
2.6 1.12548e-16
2.61 1.12331e-16
2.62 1.12115e-16
2.63 1.119e-16
2.64 1.11686e-16
2.65 1.11473e-16
2.66 1.11262e-16
2.67 1.11052e-16
2.68 1.10843e-16
2.69 1.10635e-16
2.7 1.10428e-16
2.71 1.10223e-16
2.72 1.10019e-16
2.73 1.09815e-16
2.74 1.09613e-16
2.75 1.09412e-16
2.76 1.09212e-16
2.77 1.09014e-16
2.78 1.08816e-16
2.79 1.08619e-16
2.8 1.08424e-16
2.81 1.08229e-16
2.82 1.08036e-16
2.83 1.07843e-16
2.84 1.07652e-16
2.85 1.07461e-16
2.86 1.07272e-16
2.87 1.07084e-16
2.88 1.06896e-16
2.89 1.0671e-16
2.9 1.06524e-16
2.91 1.0634e-16
2.92 1.06156e-16
2.93 1.05973e-16
2.94 1.05792e-16
2.95 1.05611e-16
2.96 1.05431e-16
2.97 1.05252e-16
2.98 1.05074e-16
2.99 1.04897e-16
3 1.04721e-16
